3.000000 3.311205e-03 8.964437e+03 6.053280e+03 0.675255
3.047000 3.415571e-03 8.419462e+03 5.675348e+03 0.674075
3.094000 3.521547e-03 7.915084e+03 5.326165e+03 0.672913
3.141000 3.629133e-03 7.447733e+03 5.003158e+03 0.671769
3.188000 3.738328e-03 7.014200e+03 4.704021e+03 0.670643
3.235000 3.849130e-03 6.611596e+03 4.426679e+03 0.669533
3.282000 3.961541e-03 6.237315e+03 4.169264e+03 0.668439
3.329000 4.075558e-03 5.889004e+03 3.930091e+03 0.667361
3.376000 4.191182e-03 5.564534e+03 3.707640e+03 0.666298
3.423000 4.308412e-03 5.261978e+03 3.500535e+03 0.665251
3.470000 4.427247e-03 4.979587e+03 3.307529e+03 0.664218
3.517000 4.547687e-03 4.715772e+03 3.127493e+03 0.663199
3.564000 4.669730e-03 4.469090e+03 2.959402e+03 0.662193
3.611000 4.793377e-03 4.238225e+03 2.802321e+03 0.661202
3.658000 4.918626e-03 4.021979e+03 2.655403e+03 0.660223
3.705000 5.045477e-03 3.819258e+03 2.517872e+03 0.659257
3.752000 5.173930e-03 3.629061e+03 2.389023e+03 0.658303
3.799000 5.303983e-03 3.450474e+03 2.268209e+03 0.657362
3.846000 5.435636e-03 3.282658e+03 2.154842e+03 0.656432
3.893000 5.568888e-03 3.124846e+03 2.048380e+03 0.655514
3.940000 5.703739e-03 2.976331e+03 1.948327e+03 0.654607
3.987000 5.840187e-03 2.836467e+03 1.854230e+03 0.653711
4.034000 5.978232e-03 2.704658e+03 1.765671e+03 0.652826
4.081000 6.117874e-03 2.580354e+03 1.682265e+03 0.651951
4.128000 6.259111e-03 2.463050e+03 1.603659e+03 0.651087
4.175000 6.401943e-03 2.352279e+03 1.529529e+03 0.650233
4.222000 6.546368e-03 2.247613e+03 1.459573e+03 0.649388
4.269000 6.692387e-03 2.148651e+03 1.393514e+03 0.648553
4.316000 6.839999e-03 2.055027e+03 1.331097e+03 0.647727
4.363000 6.989202e-03 1.966400e+03 1.272085e+03 0.646911
4.410000 7.139996e-03 1.882454e+03 1.216260e+03 0.646104
4.457000 7.292380e-03 1.802896e+03 1.163418e+03 0.645305
4.504000 7.446353e-03 1.727456e+03 1.113371e+03 0.644515
4.551000 7.601915e-03 1.655881e+03 1.065946e+03 0.643733
4.598000 7.759064e-03 1.587937e+03 1.020980e+03 0.642960
4.645000 7.917800e-03 1.523405e+03 9.783230e+02 0.642195
4.692000 8.078122e-03 1.462084e+03 9.378354e+02 0.641437
4.739000 8.240028e-03 1.403783e+03 8.993872e+02 0.640688
4.786000 8.403519e-03 1.348328e+03 8.628571e+02 0.639946
4.833000 8.568594e-03 1.295553e+03 8.281324e+02 0.639212
4.880000 8.735250e-03 1.245305e+03 7.951080e+02 0.638485
4.927000 8.903489e-03 1.197441e+03 7.636858e+02 0.637765
4.974000 9.073307e-03 1.151827e+03 7.337740e+02 0.637052
5.021000 9.244706e-03 1.108338e+03 7.052871e+02 0.636346
5.068000 9.417683e-03 1.066857e+03 6.781451e+02 0.635647
5.115000 9.592239e-03 1.027274e+03 6.522732e+02 0.634955
5.162000 9.768371e-03 9.894870e+02 6.276013e+02 0.634269
5.209000 9.946079e-03 9.533984e+02 6.040638e+02 0.633590
5.256000 1.012536e-02 9.189184e+02 5.815992e+02 0.632917
5.303000 1.030622e-02 8.859622e+02 5.601500e+02 0.632250
5.350000 1.048865e-02 8.544499e+02 5.396619e+02 0.631590
5.397000 1.067265e-02 8.243069e+02 5.200843e+02 0.630935
5.444000 1.085823e-02 7.954626e+02 5.013694e+02 0.630287
5.491000 1.104537e-02 7.678509e+02 4.834725e+02 0.629644
5.538000 1.123409e-02 7.414094e+02 4.663514e+02 0.629007
5.585000 1.142437e-02 7.160794e+02 4.499664e+02 0.628375
5.632000 1.161622e-02 6.918058e+02 4.342804e+02 0.627749
5.679000 1.180963e-02 6.685363e+02 4.192581e+02 0.627128
5.726000 1.200461e-02 6.462218e+02 4.048665e+02 0.626513
5.773000 1.220116e-02 6.248159e+02 3.910743e+02 0.625903
5.820000 1.239926e-02 6.042749e+02 3.778522e+02 0.625299
5.867000 1.259893e-02 5.845575e+02 3.651724e+02 0.624699
5.914000 1.280017e-02 5.656245e+02 3.530086e+02 0.624104
5.961000 1.300296e-02 5.474391e+02 3.413362e+02 0.623514
6.008000 1.320731e-02 5.299663e+02 3.301317e+02 0.622930
6.055000 1.341321e-02 5.131731e+02 3.193731e+02 0.622350
6.102000 1.362068e-02 4.970283e+02 3.090394e+02 0.621774
6.149000 1.382970e-02 4.815023e+02 2.991109e+02 0.621203
6.196000 1.404027e-02 4.665669e+02 2.895689e+02 0.620637
6.243000 1.425240e-02 4.521957e+02 2.803956e+02 0.620076
6.290000 1.446608e-02 4.383634e+02 2.715743e+02 0.619519
6.337000 1.468131e-02 4.250462e+02 2.630891e+02 0.618966
6.384000 1.489809e-02 4.122213e+02 2.549248e+02 0.618417
6.431000 1.511642e-02 3.998673e+02 2.470673e+02 0.617873
6.478000 1.533630e-02 3.879637e+02 2.395028e+02 0.617333
6.525000 1.555772e-02 3.764911e+02 2.322186e+02 0.616797
6.572000 1.578069e-02 3.654310e+02 2.252025e+02 0.616265
6.619000 1.600520e-02 3.547660e+02 2.184427e+02 0.615738
6.666000 1.623126e-02 3.444793e+02 2.119284e+02 0.615214
6.713000 1.645886e-02 3.345551e+02 2.056489e+02 0.614694
6.760000 1.668800e-02 3.249783e+02 1.995944e+02 0.614178
6.807000 1.691868e-02 3.157345e+02 1.937553e+02 0.613665
6.854000 1.715089e-02 3.068100e+02 1.881227e+02 0.613157
6.901000 1.738465e-02 2.981919e+02 1.826879e+02 0.612652
6.948000 1.761994e-02 2.898676e+02 1.774427e+02 0.612151
6.995000 1.785676e-02 2.818254e+02 1.723795e+02 0.611653
7.042000 1.809512e-02 2.740540e+02 1.674907e+02 0.611159
7.089000 1.833501e-02 2.665425e+02 1.627692e+02 0.610669
7.136000 1.857643e-02 2.592808e+02 1.582085e+02 0.610182
7.183000 1.881938e-02 2.522590e+02 1.538019e+02 0.609698
7.230000 1.906385e-02 2.454677e+02 1.495434e+02 0.609218
7.277000 1.930986e-02 2.388981e+02 1.454271e+02 0.608741
7.324000 1.955739e-02 2.325416e+02 1.414475e+02 0.608268
7.371000 1.980644e-02 2.263900e+02 1.375992e+02 0.607797
7.418000 2.005702e-02 2.204355e+02 1.338771e+02 0.607330
7.465000 2.030912e-02 2.146707e+02 1.302764e+02 0.606866
7.512000 2.056274e-02 2.090884e+02 1.267924e+02 0.606406
7.559000 2.081788e-02 2.036818e+02 1.234206e+02 0.605948
7.606000 2.107454e-02 1.984445e+02 1.201568e+02 0.605493
7.653000 2.133271e-02 1.933701e+02 1.169970e+02 0.605042
7.700000 2.159240e-02 1.884527e+02 1.139372e+02 0.604593
7.747000 2.185360e-02 1.836865e+02 1.109737e+02 0.604147
7.794000 2.211632e-02 1.790660e+02 1.081030e+02 0.603705
7.841000 2.238054e-02 1.745861e+02 1.053216e+02 0.603265
7.888000 2.264628e-02 1.702416e+02 1.026264e+02 0.602828
7.935000 2.291352e-02 1.660277e+02 1.000141e+02 0.602394
7.982000 2.318227e-02 1.619399e+02 9.748170e+01 0.601962
8.029000 2.345253e-02 1.579736e+02 9.502643e+01 0.601534
8.076000 2.372428e-02 1.541246e+02 9.264548e+01 0.601108
8.123000 2.399755e-02 1.503888e+02 9.033622e+01 0.600684
8.170000 2.427231e-02 1.467623e+02 8.809612e+01 0.600264
8.217000 2.454857e-02 1.432413e+02 8.592274e+01 0.599846
8.264000 2.482634e-02 1.398223e+02 8.381374e+01 0.599431
8.311000 2.510559e-02 1.365016e+02 8.176690e+01 0.599018
8.358000 2.538635e-02 1.332760e+02 7.978006e+01 0.598608
8.405000 2.566860e-02 1.301424e+02 7.785115e+01 0.598200
8.452000 2.595234e-02 1.270975e+02 7.597821e+01 0.597795
8.499000 2.623757e-02 1.241384e+02 7.415931e+01 0.597392
8.546000 2.652429e-02 1.212624e+02 7.239263e+01 0.596992
8.593000 2.681250e-02 1.184665e+02 7.067642e+01 0.596594
8.640000 2.710220e-02 1.157483e+02 6.900899e+01 0.596198
8.687000 2.739338e-02 1.131052e+02 6.738869e+01 0.595805
8.734000 2.768604e-02 1.105347e+02 6.581399e+01 0.595415
8.781000 2.798019e-02 1.080345e+02 6.428336e+01 0.595026
8.828000 2.827582e-02 1.056023e+02 6.279537e+01 0.594640
8.875000 2.857292e-02 1.032360e+02 6.134863e+01 0.594256
8.922000 2.887151e-02 1.009334e+02 5.994178e+01 0.593874
8.969000 2.917157e-02 9.869257e+01 5.857355e+01 0.593495
9.016000 2.947310e-02 9.651151e+01 5.724269e+01 0.593118
9.063000 2.977611e-02 9.438835e+01 5.594801e+01 0.592743
9.110000 3.008059e-02 9.232129e+01 5.468835e+01 0.592370
9.157000 3.038653e-02 9.030860e+01 5.346261e+01 0.591999
9.204000 3.069395e-02 8.834858e+01 5.226971e+01 0.591630
9.251000 3.100283e-02 8.643961e+01 5.110862e+01 0.591264
9.298000 3.131318e-02 8.458015e+01 4.997836e+01 0.590899
9.345000 3.162499e-02 8.276866e+01 4.887796e+01 0.590537
9.392000 3.193827e-02 8.100372e+01 4.780650e+01 0.590177
9.439000 3.225300e-02 7.928390e+01 4.676309e+01 0.589818
9.486000 3.256919e-02 7.760785e+01 4.574687e+01 0.589462
9.533000 3.288684e-02 7.597426e+01 4.475701e+01 0.589108
9.580000 3.320595e-02 7.438188e+01 4.379271e+01 0.588755
9.627000 3.352651e-02 7.282948e+01 4.285320e+01 0.588405
9.674000 3.384852e-02 7.131588e+01 4.193773e+01 0.588056
9.721000 3.417198e-02 6.983994e+01 4.104558e+01 0.587709
9.768000 3.449689e-02 6.840057e+01 4.017607e+01 0.587365
9.815000 3.482324e-02 6.699670e+01 3.932851e+01 0.587022
9.862000 3.515105e-02 6.562730e+01 3.850226e+01 0.586681
9.909000 3.548029e-02 6.429139e+01 3.769669e+01 0.586341
9.956000 3.581098e-02 6.298799e+01 3.691121e+01 0.586004
10.003000 3.614311e-02 6.171619e+01 3.614521e+01 0.585668
10.050000 3.647668e-02 6.047508e+01 3.539814e+01 0.585334
10.097000 3.681168e-02 5.926379e+01 3.466946e+01 0.585002
10.144000 3.714812e-02 5.808150e+01 3.395863e+01 0.584672
10.191000 3.748599e-02 5.692737e+01 3.326514e+01 0.584343
10.238000 3.782530e-02 5.580063e+01 3.258850e+01 0.584017
10.285000 3.816604e-02 5.470051e+01 3.192822e+01 0.583691
10.332000 3.850820e-02 5.362628e+01 3.128386e+01 0.583368
10.379000 3.885179e-02 5.257722e+01 3.065496e+01 0.583046
10.426000 3.919681e-02 5.155265e+01 3.004108e+01 0.582726
10.473000 3.954324e-02 5.055189e+01 2.944181e+01 0.582408
10.520000 3.989111e-02 4.957429e+01 2.885675e+01 0.582091
10.567000 4.024039e-02 4.861923e+01 2.828549e+01 0.581776
10.614000 4.059108e-02 4.768610e+01 2.772766e+01 0.581462
10.661000 4.094320e-02 4.677431e+01 2.718290e+01 0.581150
10.708000 4.129673e-02 4.588329e+01 2.665084e+01 0.580840
10.755000 4.165167e-02 4.501248e+01 2.613113e+01 0.580531
10.802000 4.200802e-02 4.416135e+01 2.562346e+01 0.580224
10.849000 4.236578e-02 4.332938e+01 2.512748e+01 0.579918
10.896000 4.272495e-02 4.251606e+01 2.464289e+01 0.579614
10.943000 4.308552e-02 4.172090e+01 2.416938e+01 0.579311
10.990000 4.344750e-02 4.094344e+01 2.370665e+01 0.579010
11.037000 4.381088e-02 4.018320e+01 2.325443e+01 0.578710
11.084000 4.417566e-02 3.943975e+01 2.281242e+01 0.578412
11.131000 4.454184e-02 3.871265e+01 2.238037e+01 0.578115
11.178000 4.490941e-02 3.800148e+01 2.195801e+01 0.577820
11.225000 4.527838e-02 3.730584e+01 2.154509e+01 0.577526
11.272000 4.564874e-02 3.662532e+01 2.114137e+01 0.577234
11.319000 4.602049e-02 3.595954e+01 2.074659e+01 0.576943
11.366000 4.639363e-02 3.530813e+01 2.036054e+01 0.576653
11.413000 4.676816e-02 3.467073e+01 1.998299e+01 0.576365
11.460000 4.714407e-02 3.404698e+01 1.961372e+01 0.576078
11.507000 4.752136e-02 3.343655e+01 1.925252e+01 0.575793
11.554000 4.790004e-02 3.283910e+01 1.889919e+01 0.575509
11.601000 4.828010e-02 3.225430e+01 1.855352e+01 0.575226
11.648000 4.866153e-02 3.168186e+01 1.821532e+01 0.574945
11.695000 4.904434e-02 3.112146e+01 1.788441e+01 0.574665
11.742000 4.942852e-02 3.057281e+01 1.756060e+01 0.574386
11.789000 4.981408e-02 3.003561e+01 1.724371e+01 0.574109
11.836000 5.020101e-02 2.950960e+01 1.693358e+01 0.573833
11.883000 5.058930e-02 2.899450e+01 1.663003e+01 0.573558
11.930000 5.097896e-02 2.849004e+01 1.633290e+01 0.573285
11.977000 5.136998e-02 2.799597e+01 1.604204e+01 0.573012
12.024000 5.176237e-02 2.751204e+01 1.575729e+01 0.572742
12.071000 5.215611e-02 2.703801e+01 1.547850e+01 0.572472
12.118000 5.255122e-02 2.657364e+01 1.520553e+01 0.572204
12.165000 5.294768e-02 2.611870e+01 1.493824e+01 0.571936
12.212000 5.334549e-02 2.567297e+01 1.467648e+01 0.571671
12.259000 5.374466e-02 2.523624e+01 1.442013e+01 0.571406
12.306000 5.414518e-02 2.480828e+01 1.416906e+01 0.571142
12.353000 5.454704e-02 2.438890e+01 1.392314e+01 0.570880
12.400000 5.495026e-02 2.397789e+01 1.368224e+01 0.570619
12.447000 5.535482e-02 2.357506e+01 1.344626e+01 0.570359
12.494000 5.576072e-02 2.318023e+01 1.321506e+01 0.570101
12.541000 5.616796e-02 2.279320e+01 1.298855e+01 0.569843
12.588000 5.657653e-02 2.241380e+01 1.276660e+01 0.569587
12.635000 5.698645e-02 2.204185e+01 1.254912e+01 0.569332
12.682000 5.739770e-02 2.167718e+01 1.233599e+01 0.569077
12.729000 5.781028e-02 2.131963e+01 1.212713e+01 0.568825
12.776000 5.822420e-02 2.096903e+01 1.192242e+01 0.568573
12.823000 5.863944e-02 2.062523e+01 1.172177e+01 0.568322
12.870000 5.905600e-02 2.028807e+01 1.152510e+01 0.568073
12.917000 5.947390e-02 1.995741e+01 1.133230e+01 0.567824
12.964000 5.989311e-02 1.963310e+01 1.114329e+01 0.567577
13.011000 6.031365e-02 1.931500e+01 1.095799e+01 0.567331
13.058000 6.073550e-02 1.900296e+01 1.077631e+01 0.567086
13.105000 6.115867e-02 1.869686e+01 1.059816e+01 0.566842
13.152000 6.158315e-02 1.839657e+01 1.042347e+01 0.566599
13.199000 6.200894e-02 1.810195e+01 1.025216e+01 0.566357
13.246000 6.243605e-02 1.781288e+01 1.008415e+01 0.566116
13.293000 6.286446e-02 1.752925e+01 9.919379e+00 0.565876
13.340000 6.329418e-02 1.725092e+01 9.757765e+00 0.565637
13.387000 6.372520e-02 1.697780e+01 9.599239e+00 0.565400
13.434000 6.415753e-02 1.670975e+01 9.443733e+00 0.565163
13.481000 6.459115e-02 1.644669e+01 9.291180e+00 0.564927
13.528000 6.502607e-02 1.618848e+01 9.141518e+00 0.564693
13.575000 6.546229e-02 1.593504e+01 8.994679e+00 0.564459
13.622000 6.589979e-02 1.568627e+01 8.850605e+00 0.564226
13.669000 6.633859e-02 1.544205e+01 8.709234e+00 0.563995
13.716000 6.677868e-02 1.520230e+01 8.570509e+00 0.563764
13.763000 6.722006e-02 1.496692e+01 8.434372e+00 0.563534
13.810000 6.766272e-02 1.473581e+01 8.300768e+00 0.563306
13.857000 6.810666e-02 1.450889e+01 8.169641e+00 0.563078
13.904000 6.855188e-02 1.428608e+01 8.040938e+00 0.562851
13.951000 6.899839e-02 1.406727e+01 7.914609e+00 0.562626
13.998000 6.944616e-02 1.385240e+01 7.790602e+00 0.562401
14.045000 6.989521e-02 1.364138e+01 7.668870e+00 0.562177
14.092000 7.034554e-02 1.343412e+01 7.549360e+00 0.561954
14.139000 7.079713e-02 1.323056e+01 7.432027e+00 0.561732
14.186000 7.124999e-02 1.303061e+01 7.316829e+00 0.561511
14.233000 7.170412e-02 1.283420e+01 7.203718e+00 0.561291
14.280000 7.215950e-02 1.264125e+01 7.092652e+00 0.561072
14.327000 7.261615e-02 1.245171e+01 6.983585e+00 0.560854
14.374000 7.307406e-02 1.226549e+01 6.876478e+00 0.560636
14.421000 7.353323e-02 1.208253e+01 6.771290e+00 0.560420
14.468000 7.399365e-02 1.190277e+01 6.667983e+00 0.560204
14.515000 7.445532e-02 1.172614e+01 6.566514e+00 0.559989
14.562000 7.491824e-02 1.155257e+01 6.466849e+00 0.559776
14.609000 7.538241e-02 1.138201e+01 6.368951e+00 0.559563
14.656000 7.584782e-02 1.121440e+01 6.272781e+00 0.559351
14.703000 7.631448e-02 1.104967e+01 6.178307e+00 0.559140
14.750000 7.678238e-02 1.088777e+01 6.085492e+00 0.558929
14.797000 7.725152e-02 1.072864e+01 5.994305e+00 0.558720
14.844000 7.772189e-02 1.057223e+01 5.904711e+00 0.558512
14.891000 7.819350e-02 1.041848e+01 5.816678e+00 0.558304
14.938000 7.866634e-02 1.026735e+01 5.730177e+00 0.558097
14.985000 7.914041e-02 1.011878e+01 5.645174e+00 0.557891
15.032000 7.961571e-02 9.972716e+00 5.561643e+00 0.557686
15.079000 8.009223e-02 9.829116e+00 5.479549e+00 0.557481
15.126000 8.056998e-02 9.687929e+00 5.398869e+00 0.557278
15.173000 8.104895e-02 9.549110e+00 5.319573e+00 0.557075
15.220000 8.152914e-02 9.412612e+00 5.241633e+00 0.556873
15.267000 8.201054e-02 9.278391e+00 5.165023e+00 0.556672
15.314000 8.249316e-02 9.146402e+00 5.089717e+00 0.556472
15.361000 8.297699e-02 9.016603e+00 5.015691e+00 0.556273
15.408000 8.346203e-02 8.888952e+00 4.942916e+00 0.556074
15.455000 8.394827e-02 8.763408e+00 4.871369e+00 0.555876
15.502000 8.443573e-02 8.639931e+00 4.801031e+00 0.555679
15.549000 8.492438e-02 8.518481e+00 4.731872e+00 0.555483
15.596000 8.541424e-02 8.399022e+00 4.663871e+00 0.555287
15.643000 8.590529e-02 8.281513e+00 4.597008e+00 0.555093
15.690000 8.639754e-02 8.165920e+00 4.531260e+00 0.554899
15.737000 8.689098e-02 8.052206e+00 4.466604e+00 0.554706
15.784000 8.738561e-02 7.940336e+00 4.403022e+00 0.554513
15.831000 8.788144e-02 7.830276e+00 4.340492e+00 0.554322
15.878000 8.837845e-02 7.721991e+00 4.278993e+00 0.554131
15.925000 8.887664e-02 7.615449e+00 4.218509e+00 0.553941
15.972000 8.937602e-02 7.510618e+00 4.159016e+00 0.553751
16.019000 8.987657e-02 7.407466e+00 4.100498e+00 0.553563
16.066000 9.037831e-02 7.305962e+00 4.042937e+00 0.553375
16.113000 9.088122e-02 7.206075e+00 3.986313e+00 0.553188
16.160000 9.138530e-02 7.107777e+00 3.930611e+00 0.553001
16.207000 9.189055e-02 7.011038e+00 3.875813e+00 0.552816
16.254000 9.239697e-02 6.915829e+00 3.821901e+00 0.552631
16.301000 9.290455e-02 6.822123e+00 3.768859e+00 0.552447
16.348000 9.341330e-02 6.729893e+00 3.716672e+00 0.552263
16.395000 9.392321e-02 6.639111e+00 3.665323e+00 0.552080
16.442000 9.443428e-02 6.549752e+00 3.614798e+00 0.551899
16.489000 9.494651e-02 6.461790e+00 3.565081e+00 0.551717
16.536000 9.545989e-02 6.375200e+00 3.516155e+00 0.551536
16.583000 9.597442e-02 6.289958e+00 3.468009e+00 0.551356
16.630000 9.649010e-02 6.206038e+00 3.420627e+00 0.551177
16.677000 9.700693e-02 6.123419e+00 3.373996e+00 0.550999
16.724000 9.752490e-02 6.042075e+00 3.328102e+00 0.550821
16.771000 9.804401e-02 5.961986e+00 3.282930e+00 0.550644
16.818000 9.856427e-02 5.883129e+00 3.238470e+00 0.550467
16.865000 9.908566e-02 5.805482e+00 3.194706e+00 0.550291
16.912000 9.960818e-02 5.729023e+00 3.151630e+00 0.550116
16.959000 1.001318e-01 5.653732e+00 3.109224e+00 0.549942
17.006000 1.006566e-01 5.579589e+00 3.067479e+00 0.549768
17.053000 1.011826e-01 5.506572e+00 3.026384e+00 0.549595
17.100000 1.017096e-01 5.434664e+00 2.985925e+00 0.549422
17.147000 1.022378e-01 5.363843e+00 2.946095e+00 0.549251
17.194000 1.027670e-01 5.294093e+00 2.906878e+00 0.549080
17.241000 1.032975e-01 5.225393e+00 2.868265e+00 0.548909
17.288000 1.038290e-01 5.157726e+00 2.830247e+00 0.548739
17.335000 1.043616e-01 5.091074e+00 2.792810e+00 0.548570
17.382000 1.048954e-01 5.025420e+00 2.755947e+00 0.548401
17.429000 1.054302e-01 4.960746e+00 2.719647e+00 0.548234
17.476000 1.059662e-01 4.897035e+00 2.683899e+00 0.548066
17.523000 1.065032e-01 4.834272e+00 2.648696e+00 0.547900
17.570000 1.070414e-01 4.772440e+00 2.614026e+00 0.547734
17.617000 1.075807e-01 4.711524e+00 2.579881e+00 0.547568
17.664000 1.081210e-01 4.651507e+00 2.546251e+00 0.547403
17.711000 1.086625e-01 4.592375e+00 2.513128e+00 0.547239
17.758000 1.092050e-01 4.534112e+00 2.480501e+00 0.547075
17.805000 1.097487e-01 4.476704e+00 2.448367e+00 0.546913
17.852000 1.102934e-01 4.420137e+00 2.416713e+00 0.546751
17.899000 1.108392e-01 4.364397e+00 2.385532e+00 0.546589
17.946000 1.113861e-01 4.309469e+00 2.354814e+00 0.546428
17.993000 1.119341e-01 4.255340e+00 2.324554e+00 0.546268
18.040000 1.124831e-01 4.201997e+00 2.294742e+00 0.546108
18.087000 1.130332e-01 4.149427e+00 2.265374e+00 0.545948
18.134000 1.135844e-01 4.097617e+00 2.236437e+00 0.545790
18.181000 1.141367e-01 4.046555e+00 2.207927e+00 0.545631
18.228000 1.146900e-01 3.996227e+00 2.179839e+00 0.545474
18.275000 1.152444e-01 3.946623e+00 2.152161e+00 0.545317
18.322000 1.157999e-01 3.897730e+00 2.124890e+00 0.545161
18.369000 1.163564e-01 3.849536e+00 2.098017e+00 0.545005
18.416000 1.169140e-01 3.802030e+00 2.071537e+00 0.544850
18.463000 1.174726e-01 3.755202e+00 2.045443e+00 0.544696
18.510000 1.180323e-01 3.709039e+00 2.019726e+00 0.544542
18.557000 1.185930e-01 3.663531e+00 1.994384e+00 0.544388
18.604000 1.191548e-01 3.618667e+00 1.969405e+00 0.544235
18.651000 1.197176e-01 3.574437e+00 1.944790e+00 0.544083
18.698000 1.202815e-01 3.530831e+00 1.920530e+00 0.543931
18.745000 1.208464e-01 3.487839e+00 1.896617e+00 0.543780
18.792000 1.214124e-01 3.445451e+00 1.873049e+00 0.543630
18.839000 1.219793e-01 3.403657e+00 1.849817e+00 0.543479
18.886000 1.225474e-01 3.362447e+00 1.826920e+00 0.543330
18.933000 1.231164e-01 3.321813e+00 1.804348e+00 0.543182
18.980000 1.236865e-01 3.281745e+00 1.782095e+00 0.543033
19.027000 1.242576e-01 3.242234e+00 1.760160e+00 0.542885
19.074000 1.248297e-01 3.203271e+00 1.738536e+00 0.542738
19.121000 1.254028e-01 3.164848e+00 1.717219e+00 0.542591
19.168000 1.259770e-01 3.126957e+00 1.696202e+00 0.542445
19.215000 1.265522e-01 3.089587e+00 1.675481e+00 0.542299
19.262000 1.271284e-01 3.052733e+00 1.655052e+00 0.542154
19.309000 1.277056e-01 3.016385e+00 1.634911e+00 0.542010
19.356000 1.282838e-01 2.980535e+00 1.615050e+00 0.541866
19.403000 1.288630e-01 2.945176e+00 1.595466e+00 0.541722
19.450000 1.294432e-01 2.910300e+00 1.576159e+00 0.541579
19.497000 1.300244e-01 2.875900e+00 1.557118e+00 0.541437
19.544000 1.306066e-01 2.841968e+00 1.538343e+00 0.541295
19.591000 1.311898e-01 2.808497e+00 1.519828e+00 0.541153
19.638000 1.317740e-01 2.775479e+00 1.501569e+00 0.541012
19.685000 1.323592e-01 2.742908e+00 1.483562e+00 0.540872
19.732000 1.329454e-01 2.710778e+00 1.465805e+00 0.540732
19.779000 1.335326e-01 2.679080e+00 1.448292e+00 0.540593
19.826000 1.341207e-01 2.647809e+00 1.431020e+00 0.540455
19.873000 1.347098e-01 2.616957e+00 1.413984e+00 0.540316
19.920000 1.352999e-01 2.586520e+00 1.397180e+00 0.540178
19.967000 1.358910e-01 2.556489e+00 1.380607e+00 0.540040
20.014000 1.364831e-01 2.526859e+00 1.364260e+00 0.539903
20.061000 1.370761e-01 2.497625e+00 1.348136e+00 0.539767
20.108000 1.376701e-01 2.468779e+00 1.332232e+00 0.539632
20.155000 1.382650e-01 2.440316e+00 1.316541e+00 0.539496
20.202000 1.388610e-01 2.412231e+00 1.301064e+00 0.539361
20.249000 1.394578e-01 2.384517e+00 1.285795e+00 0.539227
20.296000 1.400557e-01 2.357169e+00 1.270734e+00 0.539093
20.343000 1.406545e-01 2.330181e+00 1.255873e+00 0.538959
20.390000 1.412542e-01 2.303549e+00 1.241215e+00 0.538827
20.437000 1.418549e-01 2.277266e+00 1.226750e+00 0.538694
20.484000 1.424565e-01 2.251328e+00 1.212480e+00 0.538562
20.531000 1.430591e-01 2.225730e+00 1.198402e+00 0.538431
20.578000 1.436627e-01 2.200465e+00 1.184510e+00 0.538300
20.625000 1.442671e-01 2.175530e+00 1.170805e+00 0.538170
20.672000 1.448725e-01 2.150920e+00 1.157279e+00 0.538039
20.719000 1.454789e-01 2.126629e+00 1.143935e+00 0.537910
20.766000 1.460861e-01 2.102654e+00 1.130766e+00 0.537780
20.813000 1.466943e-01 2.078988e+00 1.117772e+00 0.537652
20.860000 1.473035e-01 2.055629e+00 1.104949e+00 0.537524
20.907000 1.479135e-01 2.032570e+00 1.092295e+00 0.537396
20.954000 1.485245e-01 2.009809e+00 1.079808e+00 0.537269
21.001000 1.491364e-01 1.987340e+00 1.067485e+00 0.537142
21.048000 1.497492e-01 1.965160e+00 1.055322e+00 0.537016
21.095000 1.503629e-01 1.943263e+00 1.043318e+00 0.536890
21.142000 1.509776e-01 1.921647e+00 1.031472e+00 0.536764
21.189000 1.515931e-01 1.900307e+00 1.019779e+00 0.536639
21.236000 1.522096e-01 1.879238e+00 1.008239e+00 0.536515
21.283000 1.528269e-01 1.858437e+00 9.968484e-01 0.536391
21.330000 1.534452e-01 1.837901e+00 9.856065e-01 0.536268
21.377000 1.540644e-01 1.817624e+00 9.745083e-01 0.536144
21.424000 1.546844e-01 1.797605e+00 9.635551e-01 0.536022
21.471000 1.553054e-01 1.777838e+00 9.527425e-01 0.535900
21.518000 1.559272e-01 1.758320e+00 9.420681e-01 0.535777
21.565000 1.565499e-01 1.739048e+00 9.315312e-01 0.535656
21.612000 1.571735e-01 1.720018e+00 9.211307e-01 0.535535
21.659000 1.577980e-01 1.701227e+00 9.108611e-01 0.535414
21.706000 1.584234e-01 1.682672e+00 9.007244e-01 0.535294
21.753000 1.590497e-01 1.664348e+00 8.907167e-01 0.535175
21.800000 1.596768e-01 1.646253e+00 8.808367e-01 0.535055
21.847000 1.603048e-01 1.628384e+00 8.710816e-01 0.534936
21.894000 1.609337e-01 1.610736e+00 8.614520e-01 0.534819
21.941000 1.615634e-01 1.593308e+00 8.519429e-01 0.534701
21.988000 1.621941e-01 1.576096e+00 8.425537e-01 0.534583
22.035000 1.628255e-01 1.559097e+00 8.332843e-01 0.534466
22.082000 1.634579e-01 1.542308e+00 8.241310e-01 0.534349
22.129000 1.640911e-01 1.525726e+00 8.150936e-01 0.534233
22.176000 1.647251e-01 1.509349e+00 8.061676e-01 0.534116
22.223000 1.653600e-01 1.493173e+00 7.973564e-01 0.534001
22.270000 1.659958e-01 1.477195e+00 7.886544e-01 0.533886
22.317000 1.666324e-01 1.461413e+00 7.800613e-01 0.533772
22.364000 1.672698e-01 1.445824e+00 7.715751e-01 0.533658
22.411000 1.679081e-01 1.430426e+00 7.631950e-01 0.533544
22.458000 1.685473e-01 1.415215e+00 7.549188e-01 0.533430
22.505000 1.691872e-01 1.400190e+00 7.467455e-01 0.533317
22.552000 1.698280e-01 1.385347e+00 7.386734e-01 0.533205
22.599000 1.704697e-01 1.370684e+00 7.307022e-01 0.533093
22.646000 1.711121e-01 1.356199e+00 7.228297e-01 0.532982
22.693000 1.717554e-01 1.341889e+00 7.150535e-01 0.532871
22.740000 1.723995e-01 1.327752e+00 7.073716e-01 0.532759
22.787000 1.730445e-01 1.313786e+00 6.997860e-01 0.532648
22.834000 1.736902e-01 1.299987e+00 6.922928e-01 0.532538
22.881000 1.743368e-01 1.286355e+00 6.848923e-01 0.532429
22.928000 1.749842e-01 1.272886e+00 6.775812e-01 0.532319
22.975000 1.756324e-01 1.259578e+00 6.703597e-01 0.532210
23.022000 1.762814e-01 1.246430e+00 6.632273e-01 0.532102
23.069000 1.769313e-01 1.233438e+00 6.561806e-01 0.531993
23.116000 1.775819e-01 1.220602e+00 6.492208e-01 0.531886
23.163000 1.782333e-01 1.207918e+00 6.423443e-01 0.531778
23.210000 1.788855e-01 1.195385e+00 6.355513e-01 0.531671
23.257000 1.795386e-01 1.183001e+00 6.288412e-01 0.531564
23.304000 1.801924e-01 1.170763e+00 6.222127e-01 0.531459
23.351000 1.808470e-01 1.158671e+00 6.156616e-01 0.531352
23.398000 1.815024e-01 1.146721e+00 6.091924e-01 0.531247
23.445000 1.821586e-01 1.134912e+00 6.027989e-01 0.531142
23.492000 1.828155e-01 1.123242e+00 5.964823e-01 0.531036
23.539000 1.834733e-01 1.111709e+00 5.902434e-01 0.530933
23.586000 1.841318e-01 1.100312e+00 5.840776e-01 0.530829
23.633000 1.847911e-01 1.089049e+00 5.779860e-01 0.530726
23.680000 1.854512e-01 1.077917e+00 5.719662e-01 0.530622
23.727000 1.861120e-01 1.066915e+00 5.660183e-01 0.530519
23.774000 1.867736e-01 1.056041e+00 5.601423e-01 0.530417
23.821000 1.874360e-01 1.045295e+00 5.543349e-01 0.530314
23.868000 1.880992e-01 1.034673e+00 5.485956e-01 0.530212
23.915000 1.887631e-01 1.024175e+00 5.429262e-01 0.530111
23.962000 1.894277e-01 1.013798e+00 5.373228e-01 0.530010
24.009000 1.900932e-01 1.003542e+00 5.317858e-01 0.529909
24.056000 1.907593e-01 9.934036e-01 5.263142e-01 0.529809
24.103000 1.914263e-01 9.833828e-01 5.209073e-01 0.529710
24.150000 1.920939e-01 9.734774e-01 5.155629e-01 0.529610
24.197000 1.927624e-01 9.636861e-01 5.102820e-01 0.529511
24.244000 1.934315e-01 9.540072e-01 5.050625e-01 0.529412
24.291000 1.941014e-01 9.444395e-01 4.999037e-01 0.529313
24.338000 1.947721e-01 9.349814e-01 4.948063e-01 0.529215
24.385000 1.954434e-01 9.256314e-01 4.897678e-01 0.529117
24.432000 1.961155e-01 9.163883e-01 4.847880e-01 0.529020
24.479000 1.967884e-01 9.072507e-01 4.798651e-01 0.528922
24.526000 1.974619e-01 8.982171e-01 4.750004e-01 0.528826
24.573000 1.981362e-01 8.892863e-01 4.701923e-01 0.528730
24.620000 1.988112e-01 8.804569e-01 4.654389e-01 0.528633
24.667000 1.994870e-01 8.717276e-01 4.607410e-01 0.528538
24.714000 2.001634e-01 8.630972e-01 4.560974e-01 0.528443
24.761000 2.008406e-01 8.545643e-01 4.515070e-01 0.528348
24.808000 2.015185e-01 8.461278e-01 4.469691e-01 0.528252
24.855000 2.021970e-01 8.377865e-01 4.424837e-01 0.528158
24.902000 2.028763e-01 8.295390e-01 4.380503e-01 0.528065
24.949000 2.035563e-01 8.213842e-01 4.336666e-01 0.527970
24.996000 2.042370e-01 8.133210e-01 4.293336e-01 0.527877
25.043000 2.049184e-01 8.053482e-01 4.250505e-01 0.527785
25.090000 2.056005e-01 7.974646e-01 4.208157e-01 0.527692
25.137000 2.062833e-01 7.896691e-01 4.166287e-01 0.527599
25.184000 2.069668e-01 7.819606e-01 4.124899e-01 0.527507
25.231000 2.076510e-01 7.743381e-01 4.083987e-01 0.527416
25.278000 2.083358e-01 7.668003e-01 4.043530e-01 0.527325
25.325000 2.090214e-01 7.593464e-01 4.003532e-01 0.527234
25.372000 2.097076e-01 7.519751e-01 3.963981e-01 0.527143
25.419000 2.103945e-01 7.446856e-01 3.924888e-01 0.527053
25.466000 2.110821e-01 7.374767e-01 3.886229e-01 0.526963
25.513000 2.117703e-01 7.303475e-01 3.848014e-01 0.526874
25.560000 2.124593e-01 7.232969e-01 3.810207e-01 0.526783
25.607000 2.131489e-01 7.163241e-01 3.772844e-01 0.526695
25.654000 2.138391e-01 7.094279e-01 3.735887e-01 0.526606
25.701000 2.145300e-01 7.026076e-01 3.699358e-01 0.526518
25.748000 2.152216e-01 6.958621e-01 3.663231e-01 0.526431
25.795000 2.159139e-01 6.891905e-01 3.627503e-01 0.526343
25.842000 2.166068e-01 6.825919e-01 3.592169e-01 0.526254
25.889000 2.173003e-01 6.760654e-01 3.557235e-01 0.526167
25.936000 2.179945e-01 6.696101e-01 3.522695e-01 0.526081
25.983000 2.186894e-01 6.632252e-01 3.488531e-01 0.525995
26.030000 2.193849e-01 6.569097e-01 3.454740e-01 0.525908
26.077000 2.200810e-01 6.506629e-01 3.421336e-01 0.525823
26.124000 2.207778e-01 6.444839e-01 3.388292e-01 0.525737
26.171000 2.214753e-01 6.383718e-01 3.355610e-01 0.525651
26.218000 2.221733e-01 6.323259e-01 3.323298e-01 0.525567
26.265000 2.228720e-01 6.263453e-01 3.291336e-01 0.525483
26.312000 2.235714e-01 6.204293e-01 3.259728e-01 0.525399
26.359000 2.242713e-01 6.145770e-01 3.228462e-01 0.525315
26.406000 2.249719e-01 6.087877e-01 3.197542e-01 0.525231
26.453000 2.256731e-01 6.030607e-01 3.166953e-01 0.525147
26.500000 2.263749e-01 5.973951e-01 3.136709e-01 0.525064
26.547000 2.270774e-01 5.917902e-01 3.106793e-01 0.524982
26.594000 2.277804e-01 5.862454e-01 3.077200e-01 0.524900
26.641000 2.284841e-01 5.807598e-01 3.047924e-01 0.524817
26.688000 2.291884e-01 5.753328e-01 3.018980e-01 0.524736
26.735000 2.298933e-01 5.699636e-01 2.990339e-01 0.524654
26.782000 2.305988e-01 5.646517e-01 2.962008e-01 0.524573
26.829000 2.313049e-01 5.593962e-01 2.933986e-01 0.524492
26.876000 2.320116e-01 5.541965e-01 2.906267e-01 0.524411
26.923000 2.327189e-01 5.490519e-01 2.878852e-01 0.524331
26.970000 2.334268e-01 5.439619e-01 2.851726e-01 0.524251
27.017000 2.341353e-01 5.389256e-01 2.824891e-01 0.524171
27.064000 2.348444e-01 5.339426e-01 2.798348e-01 0.524091
27.111000 2.355541e-01 5.290121e-01 2.772090e-01 0.524012
27.158000 2.362644e-01 5.241336e-01 2.746121e-01 0.523935
27.205000 2.369752e-01 5.193064e-01 2.720415e-01 0.523855
27.252000 2.376866e-01 5.145299e-01 2.694988e-01 0.523777
27.299000 2.383986e-01 5.098036e-01 2.669839e-01 0.523700
27.346000 2.391112e-01 5.051268e-01 2.644956e-01 0.523622
27.393000 2.398244e-01 5.004989e-01 2.620334e-01 0.523544
27.440000 2.405381e-01 4.959194e-01 2.595977e-01 0.523468
27.487000 2.412524e-01 4.913876e-01 2.571876e-01 0.523390
27.534000 2.419673e-01 4.869032e-01 2.548031e-01 0.523314
27.581000 2.426827e-01 4.824654e-01 2.524441e-01 0.523238
27.628000 2.433987e-01 4.780738e-01 2.501101e-01 0.523162
27.675000 2.441152e-01 4.737277e-01 2.478004e-01 0.523086
27.722000 2.448323e-01 4.694268e-01 2.455150e-01 0.523010
27.769000 2.455500e-01 4.651703e-01 2.432535e-01 0.522934
27.816000 2.462682e-01 4.609579e-01 2.410165e-01 0.522860
27.863000 2.469870e-01 4.567891e-01 2.388033e-01 0.522787
27.910000 2.477063e-01 4.526632e-01 2.366123e-01 0.522712
27.957000 2.484261e-01 4.485799e-01 2.344445e-01 0.522637
28.004000 2.491465e-01 4.445385e-01 2.322996e-01 0.522563
28.051000 2.498674e-01 4.405387e-01 2.301767e-01 0.522489
28.098000 2.505889e-01 4.365800e-01 2.280773e-01 0.522418
28.145000 2.513109e-01 4.326619e-01 2.259978e-01 0.522343
28.192000 2.520335e-01 4.287838e-01 2.239413e-01 0.522271
28.239000 2.527565e-01 4.249454e-01 2.219059e-01 0.522199
28.286000 2.534801e-01 4.211463e-01 2.198922e-01 0.522128
28.333000 2.542042e-01 4.173858e-01 2.178981e-01 0.522054
28.380000 2.549289e-01 4.136637e-01 2.159264e-01 0.521985
28.427000 2.556540e-01 4.099794e-01 2.139742e-01 0.521914
28.474000 2.563797e-01 4.063326e-01 2.120410e-01 0.521841
28.521000 2.571059e-01 4.027228e-01 2.101288e-01 0.521770
28.568000 2.578326e-01 3.991496e-01 2.082357e-01 0.521699
28.615000 2.585598e-01 3.956125e-01 2.063635e-01 0.521630
28.662000 2.592875e-01 3.921112e-01 2.045091e-01 0.521559
28.709000 2.600158e-01 3.886453e-01 2.026750e-01 0.521491
28.756000 2.607445e-01 3.852143e-01 2.008589e-01 0.521421
28.803000 2.614737e-01 3.818179e-01 1.990609e-01 0.521350
28.850000 2.622034e-01 3.784556e-01 1.972825e-01 0.521283
28.897000 2.629337e-01 3.751271e-01 1.955217e-01 0.521214
28.944000 2.636644e-01 3.718320e-01 1.937794e-01 0.521148
28.991000 2.643956e-01 3.685700e-01 1.920535e-01 0.521077
29.038000 2.651273e-01 3.653406e-01 1.903458e-01 0.521009
29.085000 2.658595e-01 3.621435e-01 1.886555e-01 0.520941
29.132000 2.665921e-01 3.589783e-01 1.869823e-01 0.520874
29.179000 2.673253e-01 3.558446e-01 1.853267e-01 0.520808
29.226000 2.680589e-01 3.527422e-01 1.836875e-01 0.520742
29.273000 2.687930e-01 3.496707e-01 1.820647e-01 0.520675
29.320000 2.695276e-01 3.466297e-01 1.804580e-01 0.520607
29.367000 2.702626e-01 3.436188e-01 1.788682e-01 0.520543
29.414000 2.709981e-01 3.406378e-01 1.772947e-01 0.520479
29.461000 2.717341e-01 3.376863e-01 1.757360e-01 0.520412
29.508000 2.724706e-01 3.347640e-01 1.741936e-01 0.520347
29.555000 2.732075e-01 3.318706e-01 1.726660e-01 0.520281
29.602000 2.739448e-01 3.290057e-01 1.711542e-01 0.520216
29.649000 2.746827e-01 3.261690e-01 1.696577e-01 0.520153
29.696000 2.754210e-01 3.233602e-01 1.681754e-01 0.520087
29.743000 2.761597e-01 3.205790e-01 1.667086e-01 0.520023
29.790000 2.768989e-01 3.178252e-01 1.652565e-01 0.519960
29.837000 2.776385e-01 3.150983e-01 1.638189e-01 0.519898
29.884000 2.783786e-01 3.123982e-01 1.623951e-01 0.519834
29.931000 2.791191e-01 3.097244e-01 1.609860e-01 0.519772
29.978000 2.798601e-01 3.070768e-01 1.595902e-01 0.519708
30.025000 2.806015e-01 3.044550e-01 1.582089e-01 0.519646
30.072000 2.813433e-01 3.018588e-01 1.568408e-01 0.519583
30.119000 2.820856e-01 2.992878e-01 1.554869e-01 0.519523
30.166000 2.828282e-01 2.967418e-01 1.541458e-01 0.519461
30.213000 2.835714e-01 2.942206e-01 1.528178e-01 0.519399
30.260000 2.843149e-01 2.917238e-01 1.515029e-01 0.519337
30.307000 2.850589e-01 2.892512e-01 1.502006e-01 0.519274
30.354000 2.858033e-01 2.868025e-01 1.489125e-01 0.519216
30.401000 2.865481e-01 2.843775e-01 1.476354e-01 0.519153
30.448000 2.872934e-01 2.819759e-01 1.463715e-01 0.519092
30.495000 2.880390e-01 2.795974e-01 1.451210e-01 0.519035
30.542000 2.887851e-01 2.772419e-01 1.438813e-01 0.518974
30.589000 2.895316e-01 2.749090e-01 1.426543e-01 0.518915
30.636000 2.902784e-01 2.725986e-01 1.414388e-01 0.518854
30.683000 2.910257e-01 2.703103e-01 1.402357e-01 0.518795
30.730000 2.917734e-01 2.680439e-01 1.390438e-01 0.518735
30.777000 2.925215e-01 2.657993e-01 1.378642e-01 0.518678
30.824000 2.932700e-01 2.635761e-01 1.366957e-01 0.518620
30.871000 2.940189e-01 2.613741e-01 1.355387e-01 0.518562
30.918000 2.947682e-01 2.591932e-01 1.343929e-01 0.518505
30.965000 2.955178e-01 2.570330e-01 1.332574e-01 0.518445
31.012000 2.962679e-01 2.548934e-01 1.321338e-01 0.518388
31.059000 2.970183e-01 2.527742e-01 1.310204e-01 0.518330
31.106000 2.977692e-01 2.506751e-01 1.299182e-01 0.518273
31.153000 2.985204e-01 2.485958e-01 1.288269e-01 0.518218
31.200000 2.992720e-01 2.465363e-01 1.277450e-01 0.518159
31.247000 3.000240e-01 2.444963e-01 1.266748e-01 0.518105
31.294000 3.007763e-01 2.424756e-01 1.256143e-01 0.518049
31.341000 3.015290e-01 2.404739e-01 1.245634e-01 0.517991
31.388000 3.022821e-01 2.384911e-01 1.235231e-01 0.517936
31.435000 3.030356e-01 2.365270e-01 1.224927e-01 0.517880
31.482000 3.037894e-01 2.345814e-01 1.214722e-01 0.517825
31.529000 3.045436e-01 2.326541e-01 1.204611e-01 0.517769
31.576000 3.052981e-01 2.307448e-01 1.194605e-01 0.517717
31.623000 3.060531e-01 2.288535e-01 1.184684e-01 0.517661
31.670000 3.068083e-01 2.269799e-01 1.174862e-01 0.517606
31.717000 3.075640e-01 2.251238e-01 1.165135e-01 0.517553
31.764000 3.083199e-01 2.232850e-01 1.155496e-01 0.517498
31.811000 3.090763e-01 2.214634e-01 1.145955e-01 0.517447
31.858000 3.098329e-01 2.196588e-01 1.136497e-01 0.517392
31.905000 3.105900e-01 2.178710e-01 1.127129e-01 0.517337
31.952000 3.113473e-01 2.160999e-01 1.117852e-01 0.517285
31.999000 3.121050e-01 2.143452e-01 1.108660e-01 0.517231
32.046000 3.128631e-01 2.126068e-01 1.099561e-01 0.517181
32.093000 3.136215e-01 2.108845e-01 1.090540e-01 0.517127
32.140000 3.143802e-01 2.091781e-01 1.081609e-01 0.517076
32.187000 3.151392e-01 2.074876e-01 1.072760e-01 0.517024
32.234000 3.158986e-01 2.058126e-01 1.063997e-01 0.516974
32.281000 3.166583e-01 2.041531e-01 1.055308e-01 0.516920
32.328000 3.174184e-01 2.025090e-01 1.046708e-01 0.516870
32.375000 3.181787e-01 2.008799e-01 1.038182e-01 0.516817
32.422000 3.189394e-01 1.992659e-01 1.029742e-01 0.516768
32.469000 3.197004e-01 1.976666e-01 1.021377e-01 0.516717
32.516000 3.204617e-01 1.960821e-01 1.013090e-01 0.516666
32.563000 3.212234e-01 1.945121e-01 1.004877e-01 0.516614
32.610000 3.219853e-01 1.929564e-01 9.967461e-02 0.516565
32.657000 3.227476e-01 1.914150e-01 9.886908e-02 0.516517
32.704000 3.235101e-01 1.898877e-01 9.807053e-02 0.516466
32.751000 3.242730e-01 1.883743e-01 9.727993e-02 0.516418
32.798000 3.250362e-01 1.868747e-01 9.649600e-02 0.516367
32.845000 3.257997e-01 1.853888e-01 9.571963e-02 0.516318
32.892000 3.265634e-01 1.839164e-01 9.495034e-02 0.516269
32.939000 3.273275e-01 1.824573e-01 9.418828e-02 0.516221
32.986000 3.280919e-01 1.810115e-01 9.343317e-02 0.516172
33.033000 3.288565e-01 1.795789e-01 9.268492e-02 0.516124
33.080000 3.296215e-01 1.781592e-01 9.194377e-02 0.516077
33.127000 3.303867e-01 1.767523e-01 9.120956e-02 0.516030
33.174000 3.311523e-01 1.753581e-01 9.048148e-02 0.515981
33.221000 3.319181e-01 1.739766e-01 8.976036e-02 0.515934
33.268000 3.326842e-01 1.726075e-01 8.904612e-02 0.515888
33.315000 3.334505e-01 1.712507e-01 8.833812e-02 0.515841
33.362000 3.342172e-01 1.699061e-01 8.763656e-02 0.515794
33.409000 3.349841e-01 1.685737e-01 8.694126e-02 0.515746
33.456000 3.357513e-01 1.672531e-01 8.625257e-02 0.515701
33.503000 3.365188e-01 1.659445e-01 8.557007e-02 0.515655
33.550000 3.372865e-01 1.646475e-01 8.489327e-02 0.515606
33.597000 3.380545e-01 1.633622e-01 8.422365e-02 0.515564
33.644000 3.388228e-01 1.620883e-01 8.355934e-02 0.515517
33.691000 3.395913e-01 1.608258e-01 8.290125e-02 0.515472
33.738000 3.403601e-01 1.595746e-01 8.224889e-02 0.515426
33.785000 3.411292e-01 1.583346e-01 8.160290e-02 0.515383
33.832000 3.418985e-01 1.571055e-01 8.096261e-02 0.515339
33.879000 3.426680e-01 1.558874e-01 8.032808e-02 0.515295
33.926000 3.434379e-01 1.546801e-01 7.969860e-02 0.515248
33.973000 3.442079e-01 1.534835e-01 7.907569e-02 0.515206
34.020000 3.449782e-01 1.522976e-01 7.845799e-02 0.515162
34.067000 3.457488e-01 1.511221e-01 7.784557e-02 0.515117
34.114000 3.465196e-01 1.499570e-01 7.723902e-02 0.515074
34.161000 3.472906e-01 1.488022e-01 7.663738e-02 0.515028
34.208000 3.480619e-01 1.476576e-01 7.604158e-02 0.514986
34.255000 3.488334e-01 1.465231e-01 7.545115e-02 0.514944
34.302000 3.496052e-01 1.453986e-01 7.486598e-02 0.514902
34.349000 3.503772e-01 1.442840e-01 7.428598e-02 0.514860
34.396000 3.511494e-01 1.431791e-01 7.371113e-02 0.514818
34.443000 3.519219e-01 1.420840e-01 7.314133e-02 0.514775
34.490000 3.526945e-01 1.409985e-01 7.257653e-02 0.514733
34.537000 3.534674e-01 1.399224e-01 7.201692e-02 0.514692
34.584000 3.542406e-01 1.388558e-01 7.146161e-02 0.514646
34.631000 3.550139e-01 1.377985e-01 7.091224e-02 0.514608
34.678000 3.557875e-01 1.367505e-01 7.036688e-02 0.514564
34.725000 3.565613e-01 1.357115e-01 6.982695e-02 0.514525
34.772000 3.573352e-01 1.346817e-01 6.929140e-02 0.514483
34.819000 3.581095e-01 1.336608e-01 6.876042e-02 0.514440
34.866000 3.588839e-01 1.326487e-01 6.823463e-02 0.514401
34.913000 3.596585e-01 1.316455e-01 6.771340e-02 0.514362
34.960000 3.604333e-01 1.306509e-01 6.719630e-02 0.514319
35.007000 3.612084e-01 1.296650e-01 6.668447e-02 0.514283
35.054000 3.619836e-01 1.286876e-01 6.617662e-02 0.514242
35.101000 3.627590e-01 1.277187e-01 6.567350e-02 0.514204
35.148000 3.635347e-01 1.267581e-01 6.517449e-02 0.514164
35.195000 3.643105e-01 1.258059e-01 6.467969e-02 0.514123
35.242000 3.650865e-01 1.248618e-01 6.419008e-02 0.514089
35.289000 3.658628e-01 1.239259e-01 6.370380e-02 0.514048
35.336000 3.666392e-01 1.229980e-01 6.322225e-02 0.514011
35.383000 3.674158e-01 1.220781e-01 6.274447e-02 0.513970
35.430000 3.681926e-01 1.211661e-01 6.227105e-02 0.513931
35.477000 3.689695e-01 1.202619e-01 6.180174e-02 0.513893
35.524000 3.697467e-01 1.193654e-01 6.133649e-02 0.513855
35.571000 3.705240e-01 1.184766e-01 6.087543e-02 0.513818
35.618000 3.713015e-01 1.175955e-01 6.041827e-02 0.513781
35.665000 3.720792e-01 1.167218e-01 5.996500e-02 0.513743
35.712000 3.728570e-01 1.158556e-01 5.951590e-02 0.513708
35.759000 3.736351e-01 1.149968e-01 5.906975e-02 0.513664
35.806000 3.744133e-01 1.141453e-01 5.862837e-02 0.513629
35.853000 3.751916e-01 1.133010e-01 5.819053e-02 0.513592
35.900000 3.759702e-01 1.124639e-01 5.775691e-02 0.513559
35.947000 3.767489e-01 1.116340e-01 5.732616e-02 0.513519
35.994000 3.775277e-01 1.108110e-01 5.689956e-02 0.513483
36.041000 3.783068e-01 1.099950e-01 5.647701e-02 0.513451
36.088000 3.790859e-01 1.091859e-01 5.605724e-02 0.513411
36.135000 3.798653e-01 1.083837e-01 5.564170e-02 0.513377
36.182000 3.806448e-01 1.075882e-01 5.522927e-02 0.513339
36.229000 3.814244e-01 1.067995e-01 5.482098e-02 0.513307
36.276000 3.822042e-01 1.060174e-01 5.441541e-02 0.513269
36.323000 3.829841e-01 1.052419e-01 5.401387e-02 0.513236
36.370000 3.837642e-01 1.044729e-01 5.361555e-02 0.513201
36.417000 3.845444e-01 1.037103e-01 5.322062e-02 0.513166
36.464000 3.853248e-01 1.029542e-01 5.282886e-02 0.513130
36.511000 3.861053e-01 1.022044e-01 5.244078e-02 0.513097
36.558000 3.868860e-01 1.014608e-01 5.205605e-02 0.513065
36.605000 3.876668e-01 1.007235e-01 5.167447e-02 0.513033
36.652000 3.884477e-01 9.999239e-02 5.129567e-02 0.512996
36.699000 3.892288e-01 9.926735e-02 5.092056e-02 0.512964
36.746000 3.900100e-01 9.854835e-02 5.054849e-02 0.512931
36.793000 3.907913e-01 9.783535e-02 5.017932e-02 0.512896
36.840000 3.915727e-01 9.712828e-02 4.981367e-02 0.512865
36.887000 3.923543e-01 9.642709e-02 4.945034e-02 0.512826
36.934000 3.931360e-01 9.573173e-02 4.909093e-02 0.512797
36.981000 3.939178e-01 9.504213e-02 4.873407e-02 0.512763
37.028000 3.946997e-01 9.435825e-02 4.838015e-02 0.512728
37.075000 3.954818e-01 9.368004e-02 4.802959e-02 0.512698
37.122000 3.962640e-01 9.300743e-02 4.768162e-02 0.512665
37.169000 3.970462e-01 9.234039e-02 4.733673e-02 0.512633
37.216000 3.978286e-01 9.167885e-02 4.699522e-02 0.512607
37.263000 3.986112e-01 9.102277e-02 4.665555e-02 0.512570
37.310000 3.993938e-01 9.037209e-02 4.631955e-02 0.512543
37.357000 4.001765e-01 8.972677e-02 4.598563e-02 0.512507
37.404000 4.009593e-01 8.908676e-02 4.565492e-02 0.512477
37.451000 4.017422e-01 8.845200e-02 4.532690e-02 0.512446
37.498000 4.025253e-01 8.782245e-02 4.500193e-02 0.512419
37.545000 4.033084e-01 8.719806e-02 4.467896e-02 0.512385
37.592000 4.040916e-01 8.657879e-02 4.435923e-02 0.512357
37.639000 4.048750e-01 8.596458e-02 4.404163e-02 0.512323
37.686000 4.056584e-01 8.535540e-02 4.372713e-02 0.512295
37.733000 4.064419e-01 8.475118e-02 4.341527e-02 0.512267
37.780000 4.072255e-01 8.415190e-02 4.310562e-02 0.512236
37.827000 4.080092e-01 8.355750e-02 4.279872e-02 0.512207
37.874000 4.087929e-01 8.296794e-02 4.249400e-02 0.512174
37.921000 4.095768e-01 8.238317e-02 4.219244e-02 0.512149
37.968000 4.103607e-01 8.180316e-02 4.189285e-02 0.512118
38.015000 4.111447e-01 8.122785e-02 4.159592e-02 0.512089
38.062000 4.119288e-01 8.065720e-02 4.130107e-02 0.512057
38.109000 4.127130e-01 8.009118e-02 4.100913e-02 0.512031
38.156000 4.134973e-01 7.952974e-02 4.071929e-02 0.512001
38.203000 4.142816e-01 7.897284e-02 4.043210e-02 0.511975
38.250000 4.150660e-01 7.842043e-02 4.014692e-02 0.511945
38.297000 4.158505e-01 7.787249e-02 3.986426e-02 0.511917
38.344000 4.166350e-01 7.732896e-02 3.958390e-02 0.511890
38.391000 4.174196e-01 7.678980e-02 3.930553e-02 0.511859
38.438000 4.182043e-01 7.625498e-02 3.902985e-02 0.511833
38.485000 4.189890e-01 7.572446e-02 3.875627e-02 0.511806
38.532000 4.197738e-01 7.519820e-02 3.848505e-02 0.511782
38.579000 4.205586e-01 7.467616e-02 3.821561e-02 0.511751
38.626000 4.213435e-01 7.415831e-02 3.794858e-02 0.511724
38.673000 4.221285e-01 7.364460e-02 3.768380e-02 0.511698
38.720000 4.229135e-01 7.313499e-02 3.742111e-02 0.511672
38.767000 4.236986e-01 7.262946e-02 3.716045e-02 0.511644
38.814000 4.244837e-01 7.212796e-02 3.690213e-02 0.511620
38.861000 4.252689e-01 7.163046e-02 3.664561e-02 0.511593
38.908000 4.260541e-01 7.113692e-02 3.639115e-02 0.511565
38.955000 4.268393e-01 7.064731e-02 3.613878e-02 0.511538
39.002000 4.276246e-01 7.016160e-02 3.588840e-02 0.511511
39.049000 4.284100e-01 6.967974e-02 3.564034e-02 0.511488
39.096000 4.291954e-01 6.920170e-02 3.539408e-02 0.511463
39.143000 4.299808e-01 6.872745e-02 3.514971e-02 0.511436
39.190000 4.307663e-01 6.825696e-02 3.490713e-02 0.511408
39.237000 4.315518e-01 6.779019e-02 3.466678e-02 0.511383
39.284000 4.323373e-01 6.732710e-02 3.442834e-02 0.511359
39.331000 4.331228e-01 6.686768e-02 3.419181e-02 0.511335
39.378000 4.339084e-01 6.641188e-02 3.395700e-02 0.511309
39.425000 4.346941e-01 6.595967e-02 3.372409e-02 0.511284
39.472000 4.354797e-01 6.551101e-02 3.349313e-02 0.511260
39.519000 4.362654e-01 6.506589e-02 3.326404e-02 0.511236
39.566000 4.370511e-01 6.462427e-02 3.303688e-02 0.511215
39.613000 4.378368e-01 6.418611e-02 3.281128e-02 0.511190
39.660000 4.386225e-01 6.375138e-02 3.258735e-02 0.511163
39.707000 4.394082e-01 6.332007e-02 3.236555e-02 0.511142
39.754000 4.401940e-01 6.289212e-02 3.214538e-02 0.511119
39.801000 4.409798e-01 6.246753e-02 3.192699e-02 0.511097
39.848000 4.417656e-01 6.204625e-02 3.171016e-02 0.511073
39.895000 4.425514e-01 6.162826e-02 3.149516e-02 0.511051
39.942000 4.433372e-01 6.121352e-02 3.128185e-02 0.511028
39.989000 4.441230e-01 6.080202e-02 3.106987e-02 0.511001
40.036000 4.449089e-01 6.039372e-02 3.085990e-02 0.510979
40.083000 4.456947e-01 5.998859e-02 3.065170e-02 0.510959
40.130000 4.464805e-01 5.958661e-02 3.044517e-02 0.510940
40.177000 4.472664e-01 5.918775e-02 3.023987e-02 0.510914
40.224000 4.480522e-01 5.879198e-02 3.003652e-02 0.510895
40.271000 4.488380e-01 5.839927e-02 2.983434e-02 0.510868
40.318000 4.496239e-01 5.800960e-02 2.963430e-02 0.510852
40.365000 4.504097e-01 5.762294e-02 2.943523e-02 0.510825
40.412000 4.511955e-01 5.723927e-02 2.923819e-02 0.510806
40.459000 4.519813e-01 5.685856e-02 2.904232e-02 0.510782
40.506000 4.527671e-01 5.648078e-02 2.884808e-02 0.510759
40.553000 4.535529e-01 5.610591e-02 2.865571e-02 0.510743
40.600000 4.543387e-01 5.573393e-02 2.846451e-02 0.510721
40.647000 4.551244e-01 5.536480e-02 2.827476e-02 0.510699
40.694000 4.559102e-01 5.499850e-02 2.808662e-02 0.510680
40.741000 4.566959e-01 5.463502e-02 2.789993e-02 0.510660
40.788000 4.574816e-01 5.427432e-02 2.771458e-02 0.510639
40.835000 4.582673e-01 5.391638e-02 2.753053e-02 0.510615
40.882000 4.590530e-01 5.356118e-02 2.734803e-02 0.510594
40.929000 4.598386e-01 5.320869e-02 2.716726e-02 0.510579
40.976000 4.606242e-01 5.285889e-02 2.698711e-02 0.510550
41.023000 4.614098e-01 5.251176e-02 2.680914e-02 0.510536
41.070000 4.621953e-01 5.216727e-02 2.663241e-02 0.510519
41.117000 4.629809e-01 5.182541e-02 2.645669e-02 0.510496
41.164000 4.637664e-01 5.148614e-02 2.628258e-02 0.510479
41.211000 4.645518e-01 5.114945e-02 2.610955e-02 0.510456
41.258000 4.653372e-01 5.081532e-02 2.593817e-02 0.510440
41.305000 4.661226e-01 5.048372e-02 2.576813e-02 0.510425
41.352000 4.669080e-01 5.015463e-02 2.559887e-02 0.510399
41.399000 4.676933e-01 4.982804e-02 2.543149e-02 0.510385
41.446000 4.684785e-01 4.950391e-02 2.526499e-02 0.510364
41.493000 4.692637e-01 4.918223e-02 2.509996e-02 0.510346
41.540000 4.700489e-01 4.886298e-02 2.493612e-02 0.510327
41.587000 4.708340e-01 4.854613e-02 2.477359e-02 0.510310
41.634000 4.716191e-01 4.823167e-02 2.461232e-02 0.510294
41.681000 4.724041e-01 4.791958e-02 2.445215e-02 0.510275
41.728000 4.731891e-01 4.760983e-02 2.429330e-02 0.510258
41.775000 4.739740e-01 4.730241e-02 2.413545e-02 0.510237
41.822000 4.747589e-01 4.699730e-02 2.397892e-02 0.510219
41.869000 4.755437e-01 4.669447e-02 2.382377e-02 0.510205
41.916000 4.763285e-01 4.639391e-02 2.366966e-02 0.510189
41.963000 4.771132e-01 4.609560e-02 2.351662e-02 0.510171
42.010000 4.778978e-01 4.579952e-02 2.336458e-02 0.510149
42.057000 4.786824e-01 4.550565e-02 2.321415e-02 0.510138
42.104000 4.794669e-01 4.521397e-02 2.306445e-02 0.510118
42.151000 4.802514e-01 4.492447e-02 2.291618e-02 0.510105
42.198000 4.810358e-01 4.463712e-02 2.276872e-02 0.510085
42.245000 4.818201e-01 4.435191e-02 2.262258e-02 0.510070
42.292000 4.826043e-01 4.406882e-02 2.247744e-02 0.510053
42.339000 4.833885e-01 4.378783e-02 2.233339e-02 0.510036
42.386000 4.841726e-01 4.350893e-02 2.219041e-02 0.510020
42.433000 4.849566e-01 4.323210e-02 2.204857e-02 0.510005
42.480000 4.857406e-01 4.295731e-02 2.190790e-02 0.509992
42.527000 4.865245e-01 4.268456e-02 2.176801e-02 0.509974
42.574000 4.873083e-01 4.241382e-02 2.162926e-02 0.509958
42.621000 4.880920e-01 4.214508e-02 2.149145e-02 0.509940
42.668000 4.888757e-01 4.187833e-02 2.135472e-02 0.509923
42.715000 4.896592e-01 4.161354e-02 2.121932e-02 0.509914
42.762000 4.904427e-01 4.135070e-02 2.108456e-02 0.509896
42.809000 4.912261e-01 4.108979e-02 2.095097e-02 0.509883
42.856000 4.920094e-01 4.083080e-02 2.081828e-02 0.509867
42.903000 4.927926e-01 4.057371e-02 2.068658e-02 0.509852
42.950000 4.935757e-01 4.031851e-02 2.055609e-02 0.509843
42.997000 4.943588e-01 4.006518e-02 2.042624e-02 0.509825
43.044000 4.951417e-01 3.981371e-02 2.029735e-02 0.509808
43.091000 4.959246e-01 3.956407e-02 2.016957e-02 0.509795
43.138000 4.967073e-01 3.931626e-02 2.004249e-02 0.509776
43.185000 4.974900e-01 3.907026e-02 1.991670e-02 0.509766
43.232000 4.982725e-01 3.882605e-02 1.979188e-02 0.509758
43.279000 4.990550e-01 3.858362e-02 1.966774e-02 0.509743
43.326000 4.998374e-01 3.834296e-02 1.954437e-02 0.509725
43.373000 5.006196e-01 3.810405e-02 1.942218e-02 0.509714
43.420000 5.014018e-01 3.786687e-02 1.930059e-02 0.509696
43.467000 5.021838e-01 3.763142e-02 1.918018e-02 0.509685
43.514000 5.029658e-01 3.739767e-02 1.906052e-02 0.509671
43.561000 5.037476e-01 3.716562e-02 1.894181e-02 0.509659
43.608000 5.045294e-01 3.693525e-02 1.882389e-02 0.509646
43.655000 5.053110e-01 3.670654e-02 1.870683e-02 0.509632
43.702000 5.060925e-01 3.647949e-02 1.859074e-02 0.509622
43.749000 5.068739e-01 3.625408e-02 1.847537e-02 0.509608
43.796000 5.076552e-01 3.603029e-02 1.836092e-02 0.509597
43.843000 5.084363e-01 3.580812e-02 1.824727e-02 0.509585
43.890000 5.092174e-01 3.558754e-02 1.813433e-02 0.509570
43.937000 5.099983e-01 3.536856e-02 1.802228e-02 0.509556
43.984000 5.107791e-01 3.515114e-02 1.791104e-02 0.509543
44.031000 5.115598e-01 3.493529e-02 1.780087e-02 0.509538
44.078000 5.123403e-01 3.472099e-02 1.769130e-02 0.509528
44.125000 5.131208e-01 3.450822e-02 1.758231e-02 0.509511
44.172000 5.139011e-01 3.429698e-02 1.747443e-02 0.509504
44.219000 5.146813e-01 3.408725e-02 1.736715e-02 0.509491
44.266000 5.154614e-01 3.387901e-02 1.726082e-02 0.509484
44.313000 5.162413e-01 3.367227e-02 1.715508e-02 0.509472
44.360000 5.170211e-01 3.346699e-02 1.704980e-02 0.509451
44.407000 5.178008e-01 3.326319e-02 1.694583e-02 0.509447
44.454000 5.185803e-01 3.306083e-02 1.684234e-02 0.509435
44.501000 5.193597e-01 3.285991e-02 1.673964e-02 0.509424
44.548000 5.201390e-01 3.266042e-02 1.663774e-02 0.509416
44.595000 5.209181e-01 3.246235e-02 1.653646e-02 0.509404
44.642000 5.216971e-01 3.226569e-02 1.643604e-02 0.509397
44.689000 5.224759e-01 3.207041e-02 1.633617e-02 0.509385
44.736000 5.232546e-01 3.187652e-02 1.623691e-02 0.509369
44.783000 5.240332e-01 3.168401e-02 1.613860e-02 0.509361
44.830000 5.248116e-01 3.149285e-02 1.604095e-02 0.509352
44.877000 5.255899e-01 3.130304e-02 1.594389e-02 0.509340
44.924000 5.263680e-01 3.111457e-02 1.584780e-02 0.509337
44.971000 5.271460e-01 3.092744e-02 1.575208e-02 0.509324
45.018000 5.279239e-01 3.074161e-02 1.565730e-02 0.509319
45.065000 5.287015e-01 3.055710e-02 1.556271e-02 0.509299
45.112000 5.294791e-01 3.037389e-02 1.546924e-02 0.509294
45.159000 5.302565e-01 3.019196e-02 1.537640e-02 0.509288
45.206000 5.310337e-01 3.001131e-02 1.528412e-02 0.509279
45.253000 5.318108e-01 2.983192e-02 1.519233e-02 0.509264
45.300000 5.325877e-01 2.965379e-02 1.510141e-02 0.509257
45.347000 5.333644e-01 2.947691e-02 1.501114e-02 0.509251
45.394000 5.341411e-01 2.930126e-02 1.492139e-02 0.509241
45.441000 5.349175e-01 2.912684e-02 1.483238e-02 0.509234
45.488000 5.356938e-01 2.895364e-02 1.474394e-02 0.509226
45.535000 5.364699e-01 2.878165e-02 1.465620e-02 0.509220
45.582000 5.372458e-01 2.861085e-02 1.456886e-02 0.509207
45.629000 5.380216e-01 2.844125e-02 1.448232e-02 0.509201
45.676000 5.387973e-01 2.827282e-02 1.439626e-02 0.509191
45.723000 5.395727e-01 2.810556e-02 1.431102e-02 0.509188
45.770000 5.403480e-01 2.793947e-02 1.422628e-02 0.509182
45.817000 5.411231e-01 2.777452e-02 1.414202e-02 0.509172
45.864000 5.418981e-01 2.761072e-02 1.405818e-02 0.509156
45.911000 5.426729e-01 2.744806e-02 1.397539e-02 0.509158
45.958000 5.434475e-01 2.728651e-02 1.389287e-02 0.509148
46.005000 5.442219e-01 2.712609e-02 1.381098e-02 0.509140
46.052000 5.449961e-01 2.696677e-02 1.372951e-02 0.509127
46.099000 5.457702e-01 2.680855e-02 1.364882e-02 0.509122
46.146000 5.465441e-01 2.665142e-02 1.356868e-02 0.509117
46.193000 5.473178e-01 2.649537e-02 1.348916e-02 0.509114
46.240000 5.480914e-01 2.634040e-02 1.341014e-02 0.509109
46.287000 5.488647e-01 2.618649e-02 1.333160e-02 0.509102
46.334000 5.496379e-01 2.603364e-02 1.325356e-02 0.509094
46.381000 5.504109e-01 2.588183e-02 1.317605e-02 0.509085
46.428000 5.511837e-01 2.573107e-02 1.309924e-02 0.509082
46.475000 5.519563e-01 2.558134e-02 1.302278e-02 0.509074
46.522000 5.527287e-01 2.543263e-02 1.294686e-02 0.509065
46.569000 5.535010e-01 2.528494e-02 1.287162e-02 0.509063
46.616000 5.542730e-01 2.513826e-02 1.279679e-02 0.509056
46.663000 5.550449e-01 2.499258e-02 1.272253e-02 0.509052
46.710000 5.558166e-01 2.484789e-02 1.264872e-02 0.509046
46.757000 5.565880e-01 2.470419e-02 1.257522e-02 0.509032
46.804000 5.573593e-01 2.456147e-02 1.250253e-02 0.509030
46.851000 5.581304e-01 2.441971e-02 1.243028e-02 0.509027
46.898000 5.589013e-01 2.427892e-02 1.235853e-02 0.509023
46.945000 5.596720e-01 2.413909e-02 1.228726e-02 0.509019
46.992000 5.604425e-01 2.400020e-02 1.221632e-02 0.509009
47.039000 5.612128e-01 2.386225e-02 1.214597e-02 0.509004
47.086000 5.619829e-01 2.372524e-02 1.207610e-02 0.508998
47.133000 5.627528e-01 2.358915e-02 1.200700e-02 0.509005
47.180000 5.635225e-01 2.345398e-02 1.193797e-02 0.508995
47.227000 5.642919e-01 2.331973e-02 1.186942e-02 0.508986
47.274000 5.650612e-01 2.318638e-02 1.180167e-02 0.508992
47.321000 5.658303e-01 2.305393e-02 1.173398e-02 0.508980
47.368000 5.665992e-01 2.292237e-02 1.166690e-02 0.508975
47.415000 5.673678e-01 2.279169e-02 1.160033e-02 0.508972
47.462000 5.681363e-01 2.266190e-02 1.153421e-02 0.508969
47.509000 5.689045e-01 2.253297e-02 1.146848e-02 0.508964
47.556000 5.696725e-01 2.240491e-02 1.140320e-02 0.508960
47.603000 5.704403e-01 2.227771e-02 1.133846e-02 0.508960
47.650000 5.712079e-01 2.215136e-02 1.127389e-02 0.508948
47.697000 5.719753e-01 2.202585e-02 1.120977e-02 0.508937
47.744000 5.727425e-01 2.190118e-02 1.114648e-02 0.508944
47.791000 5.735094e-01 2.177735e-02 1.108344e-02 0.508943
47.838000 5.742761e-01 2.165434e-02 1.102066e-02 0.508935
47.885000 5.750426e-01 2.153215e-02 1.095836e-02 0.508930
47.932000 5.758089e-01 2.141078e-02 1.089656e-02 0.508929
47.979000 5.765750e-01 2.129021e-02 1.083496e-02 0.508918
48.026000 5.773408e-01 2.117044e-02 1.077417e-02 0.508925
48.073000 5.781065e-01 2.105147e-02 1.071360e-02 0.508924
48.120000 5.788719e-01 2.093329e-02 1.065335e-02 0.508919
48.167000 5.796370e-01 2.081590e-02 1.059348e-02 0.508913
48.214000 5.804020e-01 2.069928e-02 1.053420e-02 0.508916
48.261000 5.811667e-01 2.058343e-02 1.047534e-02 0.508921
48.308000 5.819312e-01 2.046835e-02 1.041653e-02 0.508909
48.355000 5.826954e-01 2.035403e-02 1.035817e-02 0.508900
48.402000 5.834595e-01 2.024046e-02 1.030045e-02 0.508904
48.449000 5.842233e-01 2.012764e-02 1.024302e-02 0.508903
48.496000 5.849868e-01 2.001557e-02 1.018590e-02 0.508899
48.543000 5.857501e-01 1.990423e-02 1.012914e-02 0.508894
48.590000 5.865132e-01 1.979363e-02 1.007293e-02 0.508898
48.637000 5.872761e-01 1.968375e-02 1.001694e-02 0.508894
48.684000 5.880387e-01 1.957459e-02 9.961470e-03 0.508898
48.731000 5.888011e-01 1.946615e-02 9.906278e-03 0.508898
48.778000 5.895632e-01 1.935842e-02 9.851265e-03 0.508888
48.825000 5.903251e-01 1.925140e-02 9.796705e-03 0.508883
48.872000 5.910868e-01 1.914507e-02 9.742712e-03 0.508889
48.919000 5.918482e-01 1.903945e-02 9.688685e-03 0.508874
48.966000 5.926094e-01 1.893451e-02 9.635489e-03 0.508885
49.013000 5.933703e-01 1.883025e-02 9.582527e-03 0.508890
49.060000 5.941310e-01 1.872668e-02 9.529642e-03 0.508881
49.107000 5.948915e-01 1.862378e-02 9.477193e-03 0.508876
49.154000 5.956517e-01 1.852155e-02 9.425289e-03 0.508882
49.201000 5.964116e-01 1.841998e-02 9.373611e-03 0.508883
49.248000 5.971713e-01 1.831907e-02 9.322118e-03 0.508875
49.295000 5.979308e-01 1.821882e-02 9.271374e-03 0.508890
49.342000 5.986900e-01 1.811922e-02 9.220549e-03 0.508882
49.389000 5.994489e-01 1.802026e-02 9.170117e-03 0.508878
49.436000 6.002076e-01 1.792195e-02 9.120124e-03 0.508880
49.483000 6.009660e-01 1.782427e-02 9.070235e-03 0.508870
49.530000 6.017242e-01 1.772722e-02 9.021061e-03 0.508882
49.577000 6.024822e-01 1.763080e-02 8.971864e-03 0.508874
49.624000 6.032398e-01 1.753500e-02 8.923216e-03 0.508880
49.671000 6.039973e-01 1.743982e-02 8.874714e-03 0.508877
49.718000 6.047544e-01 1.734525e-02 8.826634e-03 0.508879
49.765000 6.055113e-01 1.725128e-02 8.778756e-03 0.508876
49.812000 6.062680e-01 1.715793e-02 8.731295e-03 0.508878
49.859000 6.070243e-01 1.706517e-02 8.684116e-03 0.508880
49.906000 6.077805e-01 1.697301e-02 8.637264e-03 0.508882
49.953000 6.085363e-01 1.688143e-02 8.590690e-03 0.508884
50.000000 6.092919e-01 1.679045e-02 8.544357e-03 0.508882
